10 10 10 
10 10 10 
10 10 10 
10 
10 10 10 
10 
10 
10 
10 10 10 
10 
10 10 10 
10 
10 
10 
0 -0.5 0 
10 -20 10 
0


20 20 20 
20 20 20 
20 20 20 
20 
20 20 20 
20 
20 
20 
20 20 20 
10 
10 20 10 
10 
10 
10 
0 -0.5 0 
10 -20 10 
0


10 10 10 
10 10 10 
10 10 10 
10 
10 10 10 
10 
10 
10 
10 10 10 
10 
10 10 10 
10 
10 
10 
0 -0.5 0 
10 -20 10 
0



20 20 20 
20 20 20 
20 20 20 
20 
20 20 20 
20 
20 
20 
20 20 20 
10 
10 20 10 
10 
10 
10 
0 -0.5 0 
10 -20 10 
0


10 10 10 
10 10 10 
10 10 10 
10 
10 10 10 
10 
10 
10 
10 10 10 
10 
10 10 10 
10 
10 
10 
0 -0.5 0 
10 -20 10 
0



20 20 20 
20 20 20 
20 20 20 
20 
20 20 20 
20 
20 
20 
20 20 20 
10 
10 20 10 
10 
10 
10 
0 -0.5 0 
10 -20 10 
0


10 10 10 
10 10 10 
10 10 10 
10 
10 10 10 
10 
10 
10 
10 10 10 
10 
10 10 10 
10 
10 
10 
0 -0.5 0 
10 -20 10 
0



20 20 20 
20 20 20 
20 20 20 
20 
20 20 20 
20 
20 
20 
20 20 20 
10 
10 20 10 
10 
10 
10 
0 -0.5 0 
10 -20 10 
0



10 10 10 
10 10 10 
10 10 10 
10 
10 10 10 
10 
10 
10 
10 10 10 
10 
10 10 10 
10 
10 
10 
0 -0.5 0 
10 -20 10 
0


20 20 20 
20 20 20 
20 20 20 
20 
20 20 20 
20 
20 
20 
20 20 20 
10 
10 20 10 
10 
10 
10 
0 -0.5 0 
10 -20 10 
0

